500 0000000000000000000000000000000000000000
501 0000000000000000000000000000000000000000
502 0000000000000000000000000000000000000000
503 0000000000000000000000000000000000000000
504 0000000000000000000000000000000000000011
505 0000000000000000000000000000000000000001
506 0000000000000000000000000000000000000100
507 0000000000000000000000000000000000000010
508 0000000000000000000000000000000000000101
509 0000000000000000000000000000000000000111
510 0000000000000000000000000000000000001001
511 0000000000000000000000000000000000000011
512 0000000000000000000000000000000000000011
513 0000000000000000000000000000000000000000
514 0000000000000000000000000000000111111000
515 0000000000000000000000000000000000000011
516 0000000000000000000000000000000000000111
517 0000000000000000000000000000000000000001
117 0000000100011111010100100001000111110110
118 0000000100011111010100100001000111110100
119 0000000100011111011001000001001000000100
120 0000111100000111100100001110000010010100
121 0000000100100000001000000101000111110110
122 0000110100001010010000000000000000000000
123 0100001000100000000100010000000001111100
124 0000110100000111111000000001000111110100
125 0000010100100000010100100001000111110100
126 0000000100011111011000000101001000000101
127 0010000100011111011000001101000001110111
128 0000000100011111011101000001001000000100
129 0000111100001000001000001101000010010000
130 0000000100100000001000000101000111110111
131 0000110100001010000000000000000000000000
132 0100000100011111111100010000000010000101
133 0000110100001000100000000001001000000010
134 0000010100011111011100010010000010000111
135 0000000100000000000000100001000111111111
136 0000000100100000001000000101000111110111
137 0000110100001010001000000000000000000000
138 0100000000100000000000010000000010001011
139 0000110100001000111000000001001000000010
140 0000010100011111011100010010000010001101
141 0000000100000000000000100001001000000000
142 0000000100011111011100000101001000000101
143 0010000100011111011100001101000010000000
144 0000000100011111111101000001001000000000
145 0000111100001001001000001101000010011010
146 0000000100011111111100000101001000000000
147 0001010100000000000000100001001000000001
148 0000110100000111010100001101000010100110
149 0000111100001001011000001101000010011000
150 0000000100100000000100000101001000000101
151 0010000100011111111100001101000010010000
152 0000000100100000000100100001001000000000
153 0000110100001001000000000000000000000000
154 0100010000011111111100000000000000000000
160 0001001000001010000100000000000000000000
161 0000000100000000000000001101000010000100
162 0001001000001010001100000000000000000000
163 0000000100000000000000001101000010001010
164 0001001000001010010100000000000000000000
165 0000000100000000000000001101000001111011
166 0000000100011111010001000001001000000011
167 0000110100001001010100000000000000000000
