500 0000000000000000000000000000000000000001
501 0000000000000000000000000000000000000011
502 0000000000000000000000000000000000000111
503 0000000000000000000000000000000000001001
504 0000000000000000000000000000000000001100
505 0000000000000000000000000000000000001101
506 0000000000000000000000000000000000010000
507 0000000000000000000000000000000000010010
508 0000000000000000000000000000000000011001
509 0000000000000000000000000000000000100011
510 0000000000000000000000000000000000011001
515 0000000000000000000000000000000000000000
520 0000000000000000000000000000000000001001
530 0000000000000000000000000000000000000000
531 0000000000000000000000000000000000000001
532 1111111111111111111111111111111111111111
540 0000000000000000000000000000000111110100
100 0000000100100000001100000101001000001000
101 0001010100000000000000000000000000000000
102 0010000100100001001000000001001000011100
103 0000010100100001001000010010000001101000
104 0000000100000000000001000000000111111110
105 0000111100010010110000000000000000000000
106 0000000100100001110000000101001000010010
107 0001001000000110110000000000000000000000
108 0000000100000000000001000001000111111110
109 0000111100010010111000000000000000000000
110 0000000100100001110000000101001000010010
111 0001001000000111010000001101000001110100
112 0100001100011111111000000000000000000000
113 0000111100010011000000000000000000000000
114 0000000100100000001101000010001000001000
115 0000111100000110010000001101000100110001
116 0000000100000000000000001101000001110000
300 0000000100100001001000000110001000010011
301 0010000100100000100000001101000001101010
302 0000000100100001001000000101001000010011
303 0010000100100000001100001101000001101110
304 0100010000100001001000000000000000000000
305 0100010000100001010000000000000000000000
