00100100000000100000000000000101
00000000000000000000000000001100
00000000000000101000000000100001
00100000000010010000000000000000
00010001001100000000000000000111
00100100000000100000000000000101
00000000000000000000000000001100
00100000000000010000000000000100
01110001001000010100000000000010
10101101000000100010000000000000
00100001001010010000000000000001
00001000000000000000000000000100
00000000000000001000100000100001
00100010001100010000000000000001
00001000000000000000000000001111
00000000000000000100100000100001
10001101001100100010000000000000
10001101001100110010000000000000
00001000000000000000000000011111
00000010010100110000100000101010
00010000001000000000000000101000
00000010010100111010000000100000
00000000000101001010000001000011
00001000000000000000000000101111
00000001111100010000100000101010
00010100001000000000000000000001
00001000000000000000000000011101
00100010100100100000000000000001
00001000000000000000000000010011
00000000000101001001100000100001
00001000000000000000000000010011
00010001001100001111111111110011
00100000000000010000000000000100
01110001001000010100000000000010
10001101000010100010000000000000
00000001010100100000100000101010
00010100001000000000000000000100
00000010011010100000100000101010
00010100001000000000000000000101
00100001001010010000000000000001
00001000000000000000000000011111
00000000000010101001000000100001
00100001001010010000000000000001
00001000000000000000000000011111
00000000000010101001100000100001
00100001001010010000000000000001
00001000000000000000000000011111
00000000000000000111100000100001
00000000000000000101100000100001
00000001011100000000100000101010
00010000001000001111111111100101
00100000000000010000000000000100
01110001011000010111000000000010
10001101110011010010000000000000
00000010100011010000100000101010
00010000001000000000000000000010
00100001011010110000000000000001
00001000000000000000000000110001
00100001111011110000000000000001
00100001011010110000000000000001
00001000000000000000000000110001
00100100000000100000000000000001
00000000000100100010000000100001
00000000000000000000000000001100
00100100000000100000000000000100
00100000000001000010000110010000
00000000000000000000000000001100
00010010001100000000000000000010
00100010001100010000000000000001
00001000000000000000000000001111
00100100000000100000000000001010
00000000000000000000000000001100
