00100100000000100000000000000101
00000000000000000000000000001100
00000000000000100100000000100001
00100000000010010000000000000000
00010001001010000000000000000111
00100100000000100000000000000101
00000000000000000000000000001100
00100000000000010000000000000100
01110001001000011000000000000010
10101110000000100010000000000000
00100001001010010000000000000001
00001000000000000000000000000100
00100100000000100000000000000101
00000000000000000000000000001100
00000000000000101011100000100001
00001000000000000000000000010000
00000000000000001010100000100001
00100001000010001111111111111111
00000000000010001011000000100001
00000000000000001001100000100001
00000010101101100000100000101010
00010000001000000000000000011011
00100000000000010000000000000100
01110010101000010101100000000010
00100000000000010000000000000100
01110010110000010110000000000010
10001101011011010010000000000000
10001101100011100010000000000000
00000001101011100111100000100000
00010001101101110000000000000100
00000001111101110000100000101010
00010100001000000000000000001101
00000010111011110000100000101010
00010100001000000000000000001101
00100100000000100000000000000001
00000000000011010010000000100001
00000000000000000000000000001100
00100100000000100000000000000100
00100000000001000010001000000010
00000000000000000000000000001100
00100100000000100000000000000001
00000000000011100010000000100001
00000000000000000000000000001100
00100010011100110000000000000001
00001000000000000000000000110001
00100010101101010000000000000001
00001000000000000000000000010100
00100010110101101111111111111111
00001000000000000000000000010100
00010010011000000000000000000001
00001000000000000000000000111001
00000000000000000111100000100001
00100001111011111111111111111111
00100100000000100000000000000001
00000000000011110010000000100001
00000000000000000000000000001100
00001000000000000000000000111001
00100100000000100000000000001010
00000000000000000000000000001100
